 39164	35333	74497
	 7308	4473	11781
		 526	596	1122
			 59	90	149
				 30	0	30
				 30	0	30
				 30	0	30
			 29	120	149
				 30	0	30
				 30	0	30
				 30	0	30
				 30	0	30
			 73	76	149
				 38	0	38
				 38	0	38
			 41	108	149
				 54	0	54
				 54	0	54
		 52	1065	1117
			 97	116	213
				 29	0	29
				 29	0	29
				 29	0	29
				 29	0	29
			 213	0	213
			 71	142	213
				 71	0	71
				 71	0	71
			 117	96	213
				 48	0	48
				 48	0	48
			 189	24	213
				 12	0	12
				 12	0	12
		 556	561	1117
			 40	147	187
				 49	0	49
				 49	0	49
				 49	0	49
			 77	110	187
				 55	0	55
				 55	0	55
			 187	0	187
		 493	624	1117
			 172	36	208
				 12	0	12
				 12	0	12
				 12	0	12
			 68	140	208
				 70	0	70
				 70	0	70
			 208	0	208
	 11191	585	11776
		 67	128	195
			 32	0	32
			 32	0	32
			 32	0	32
			 32	0	32
		 9	186	195
			 93	0	93
			 93	0	93
		 195	0	195
	 58	11718	11776
		 933	1020	1953
			 203	52	255
				 26	0	26
				 26	0	26
			 91	164	255
				 82	0	82
				 82	0	82
			 89	166	255
				 83	0	83
				 83	0	83
			 255	0	255
		 56	1897	1953
			 193	78	271
				 39	0	39
				 39	0	39
			 127	144	271
				 72	0	72
				 72	0	72
			 77	194	271
				 97	0	97
				 97	0	97
			 148	123	271
				 41	0	41
				 41	0	41
				 41	0	41
			 127	144	271
				 72	0	72
				 72	0	72
			 256	15	271
				 5	0	5
				 5	0	5
				 5	0	5
			 271	0	271
		 1371	582	1953
			 114	80	194
				 40	0	40
				 40	0	40
			 46	148	194
				 74	0	74
				 74	0	74
			 40	154	194
				 77	0	77
				 77	0	77
		 1242	711	1953
			 45	192	237
				 48	0	48
				 48	0	48
				 48	0	48
				 48	0	48
			 83	154	237
				 77	0	77
				 77	0	77
			 237	0	237
		 1113	840	1953
			 86	194	280
				 97	0	97
				 97	0	97
			 175	105	280
				 35	0	35
				 35	0	35
				 35	0	35
			 104	176	280
				 88	0	88
				 88	0	88
		 303	1650	1953
			 168	162	330
				 54	0	54
				 54	0	54
				 54	0	54
			 238	92	330
				 23	0	23
				 23	0	23
				 23	0	23
				 23	0	23
			 30	300	330
				 75	0	75
				 75	0	75
				 75	0	75
				 75	0	75
			 304	26	330
				 13	0	13
				 13	0	13
			 154	176	330
				 88	0	88
				 88	0	88
 44234	30258	74492
	 42	10044	10086
		 699	1812	2511
			 278	24	302
				 12	0	12
				 12	0	12
			 202	100	302
				 50	0	50
				 50	0	50
			 108	194	302
				 97	0	97
				 97	0	97
			 240	62	302
				 31	0	31
				 31	0	31
			 42	260	302
				 65	0	65
				 65	0	65
				 65	0	65
				 65	0	65
			 164	138	302
				 69	0	69
				 69	0	69
		 1920	591	2511
			 81	116	197
				 58	0	58
				 58	0	58
			 105	92	197
				 23	0	23
				 23	0	23
				 23	0	23
				 23	0	23
			 127	70	197
				 35	0	35
				 35	0	35
		 57	2454	2511
			 341	68	409
				 34	0	34
				 34	0	34
			 409	0	409
			 189	220	409
				 55	0	55
				 55	0	55
				 55	0	55
				 55	0	55
			 73	336	409
				 84	0	84
				 84	0	84
				 84	0	84
				 84	0	84
			 269	140	409
				 35	0	35
				 35	0	35
				 35	0	35
				 35	0	35
			 323	86	409
				 43	0	43
				 43	0	43
		 1383	1128	2511
			 152	130	282
				 65	0	65
				 65	0	65
			 282	0	282
			 66	216	282
				 54	0	54
				 54	0	54
				 54	0	54
				 54	0	54
			 150	132	282
				 66	0	66
				 66	0	66
	 6621	3465	10086
		 861	294	1155
			 68	30	98
				 15	0	15
				 15	0	15
			 6	92	98
				 46	0	46
				 46	0	46
			 46	52	98
				 26	0	26
				 26	0	26
		 39	1116	1155
			 223	56	279
				 28	0	28
				 28	0	28
			 175	104	279
				 52	0	52
				 52	0	52
			 253	26	279
				 13	0	13
				 13	0	13
			 85	194	279
				 97	0	97
				 97	0	97
		 330	825	1155
			 157	118	275
				 59	0	59
				 59	0	59
			 165	110	275
				 55	0	55
				 55	0	55
			 91	184	275
				 92	0	92
				 92	0	92
	 846	9240	10086
		 72	1468	1540
			 217	150	367
				 75	0	75
				 75	0	75
			 83	284	367
				 71	0	71
				 71	0	71
				 71	0	71
				 71	0	71
			 367	0	367
			 367	0	367
		 100	1440	1540
			 360	0	360
			 234	126	360
				 63	0	63
				 63	0	63
			 81	279	360
				 93	0	93
				 93	0	93
				 93	0	93
			 250	110	360
				 55	0	55
				 55	0	55
		 420	1120	1540
			 130	94	224
				 47	0	47
				 47	0	47
			 64	160	224
				 80	0	80
				 80	0	80
			 176	48	224
				 24	0	24
				 24	0	24
			 158	66	224
				 33	0	33
				 33	0	33
			 8	216	224
				 72	0	72
				 72	0	72
				 72	0	72
		 775	765	1540
			 75	180	255
				 45	0	45
				 45	0	45
				 45	0	45
				 45	0	45
			 255	0	255
			 83	172	255
				 86	0	86
				 86	0	86
		 460	1080	1540
			 18	252	270
				 84	0	84
				 84	0	84
				 84	0	84
			 228	42	270
				 21	0	21
				 21	0	21
			 202	68	270
				 34	0	34
				 34	0	34
			 148	122	270
				 61	0	61
				 61	0	61
		 595	945	1540
			 257	58	315
				 29	0	29
				 29	0	29
			 233	82	315
				 41	0	41
				 41	0	41
			 24	291	315
				 97	0	97
				 97	0	97
				 97	0	97
 56	74436	74492
	 13290	5319	18609
		 1621	152	1773
			 76	0	76
			 76	0	76
		 51	1722	1773
			 230	16	246
				 8	0	8
				 8	0	8
			 84	162	246
				 81	0	81
				 81	0	81
			 162	84	246
				 42	0	42
				 42	0	42
			 10	236	246
				 59	0	59
				 59	0	59
				 59	0	59
				 59	0	59
			 118	128	246
				 64	0	64
				 64	0	64
			 216	30	246
				 15	0	15
				 15	0	15
			 120	126	246
				 63	0	63
				 63	0	63
		 1176	597	1773
			 160	39	199
				 13	0	13
				 13	0	13
				 13	0	13
			 65	134	199
				 67	0	67
				 67	0	67
			 43	156	199
				 78	0	78
				 78	0	78
	 17413	1196	18609
		 109	190	299
			 95	0	95
			 95	0	95
		 157	142	299
			 71	0	71
			 71	0	71
		 26	273	299
			 91	0	91
			 91	0	91
			 91	0	91
		 299	0	299
	 52	18557	18609
		 2467	184	2651
			 92	0	92
			 92	0	92
		 1736	915	2651
			 83	100	183
				 50	0	50
				 50	0	50
			 9	174	183
				 87	0	87
				 87	0	87
			 71	112	183
				 56	0	56
				 56	0	56
			 167	16	183
				 8	0	8
				 8	0	8
			 21	162	183
				 81	0	81
				 81	0	81
		 1571	1080	2651
			 202	158	360
				 79	0	79
				 79	0	79
			 186	174	360
				 87	0	87
				 87	0	87
			 72	288	360
				 72	0	72
				 72	0	72
				 72	0	72
				 72	0	72
		 77	2574	2651
			 351	78	429
				 39	0	39
				 39	0	39
			 37	392	429
				 98	0	98
				 98	0	98
				 98	0	98
				 98	0	98
			 345	84	429
				 42	0	42
				 42	0	42
			 399	30	429
				 15	0	15
				 15	0	15
			 353	76	429
				 38	0	38
				 38	0	38
			 319	110	429
				 55	0	55
				 55	0	55
		 2012	639	2651
			 165	48	213
				 16	0	16
				 16	0	16
				 16	0	16
			 139	74	213
				 37	0	37
				 37	0	37
			 25	188	213
				 94	0	94
				 94	0	94
		 2126	525	2651
			 17	158	175
				 79	0	79
				 79	0	79
			 135	40	175
				 20	0	20
				 20	0	20
			 175	0	175
		 2135	516	2651
			 84	88	172
				 22	0	22
				 22	0	22
				 22	0	22
				 22	0	22
			 16	156	172
				 78	0	78
				 78	0	78
			 172	0	172
	 14952	3657	18609
		 820	399	1219
			 7	126	133
				 42	0	42
				 42	0	42
				 42	0	42
			 119	14	133
				 7	0	7
				 7	0	7
			 59	74	133
				 37	0	37
				 37	0	37
		 25	1194	1219
			 199	0	199
			 165	34	199
				 17	0	17
				 17	0	17
			 185	14	199
				 7	0	7
				 7	0	7
			 87	112	199
				 56	0	56
				 56	0	56
			 147	52	199
				 26	0	26
				 26	0	26
			 11	188	199
				 47	0	47
				 47	0	47
				 47	0	47
				 47	0	47
		 187	1032	1219
			 172	86	258
				 43	0	43
				 43	0	43
			 170	88	258
				 22	0	22
				 22	0	22
				 22	0	22
				 22	0	22
			 258	0	258
			 92	166	258
				 83	0	83
				 83	0	83
 46528	27964	74492
	 3487	3504	6991
		 13	1155	1168
			 119	46	165
				 23	0	23
				 23	0	23
			 87	78	165
				 39	0	39
				 39	0	39
			 13	152	165
				 76	0	76
				 76	0	76
			 105	60	165
				 15	0	15
				 15	0	15
				 15	0	15
				 15	0	15
			 27	138	165
				 69	0	69
				 69	0	69
			 35	130	165
				 65	0	65
				 65	0	65
			 21	144	165
				 72	0	72
				 72	0	72
		 304	864	1168
			 216	0	216
			 100	116	216
				 58	0	58
				 58	0	58
			 136	80	216
				 40	0	40
				 40	0	40
			 58	158	216
				 79	0	79
				 79	0	79
		 136	1032	1168
			 94	78	172
				 39	0	39
				 39	0	39
			 70	102	172
				 51	0	51
				 51	0	51
			 56	116	172
				 58	0	58
				 58	0	58
			 60	112	172
				 56	0	56
				 56	0	56
			 94	78	172
				 26	0	26
				 26	0	26
				 26	0	26
			 126	46	172
				 23	0	23
				 23	0	23
	 2962	4029	6991
		 776	567	1343
			 163	26	189
				 13	0	13
				 13	0	13
			 91	98	189
				 49	0	49
				 49	0	49
			 63	126	189
				 63	0	63
				 63	0	63
		 455	888	1343
			 220	76	296
				 19	0	19
				 19	0	19
				 19	0	19
				 19	0	19
			 184	112	296
				 56	0	56
				 56	0	56
			 32	264	296
				 66	0	66
				 66	0	66
				 66	0	66
				 66	0	66
		 90	1253	1343
			 13	166	179
				 83	0	83
				 83	0	83
			 179	0	179
			 107	72	179
				 36	0	36
				 36	0	36
			 29	150	179
				 50	0	50
				 50	0	50
				 50	0	50
			 155	24	179
				 12	0	12
				 12	0	12
			 81	98	179
				 49	0	49
				 49	0	49
			 179	0	179
	 3190	3801	6991
		 739	528	1267
			 23	153	176
				 51	0	51
				 51	0	51
				 51	0	51
			 30	146	176
				 73	0	73
				 73	0	73
			 50	126	176
				 63	0	63
				 63	0	63
		 275	992	1267
			 68	180	248
				 90	0	90
				 90	0	90
			 178	70	248
				 35	0	35
				 35	0	35
			 226	22	248
				 11	0	11
				 11	0	11
			 72	176	248
				 88	0	88
				 88	0	88
		 88	1179	1267
			 337	56	393
				 28	0	28
				 28	0	28
			 285	108	393
				 36	0	36
				 36	0	36
				 36	0	36
			 93	300	393
				 75	0	75
				 75	0	75
				 75	0	75
				 75	0	75
	 94	6897	6991
		 1480	819	2299
			 219	54	273
				 27	0	27
				 27	0	27
			 205	68	273
				 34	0	34
				 34	0	34
			 79	194	273
				 97	0	97
				 97	0	97
		 49	2250	2299
			 438	12	450
				 6	0	6
				 6	0	6
			 320	130	450
				 65	0	65
				 65	0	65
			 154	296	450
				 74	0	74
				 74	0	74
				 74	0	74
				 74	0	74
			 404	46	450
				 23	0	23
				 23	0	23
			 86	364	450
				 91	0	91
				 91	0	91
				 91	0	91
				 91	0	91
		 1702	597	2299
			 119	80	199
				 20	0	20
				 20	0	20
				 20	0	20
				 20	0	20
			 155	44	199
				 22	0	22
				 22	0	22
			 73	126	199
				 63	0	63
				 63	0	63
 3564	70928	74492
	 29	17703	17732
		 2133	396	2529
			 6	126	132
				 63	0	63
				 63	0	63
			 132	0	132
			 92	40	132
				 20	0	20
				 20	0	20
		 1913	616	2529
			 132	22	154
				 11	0	11
				 11	0	11
			 98	56	154
				 28	0	28
				 28	0	28
			 154	0	154
			 80	74	154
				 37	0	37
				 37	0	37
		 1833	696	2529
			 104	70	174
				 35	0	35
				 35	0	35
			 90	84	174
				 28	0	28
				 28	0	28
				 28	0	28
			 26	148	174
				 74	0	74
				 74	0	74
			 114	60	174
				 30	0	30
				 30	0	30
		 1494	1035	2529
			 79	128	207
				 64	0	64
				 64	0	64
			 195	12	207
				 6	0	6
				 6	0	6
			 15	192	207
				 96	0	96
				 96	0	96
			 96	111	207
				 37	0	37
				 37	0	37
				 37	0	37
			 37	170	207
				 85	0	85
				 85	0	85
		 855	1674	2529
			 201	78	279
				 39	0	39
				 39	0	39
			 30	249	279
				 83	0	83
				 83	0	83
				 83	0	83
			 279	0	279
			 264	15	279
				 5	0	5
				 5	0	5
				 5	0	5
			 127	152	279
				 76	0	76
				 76	0	76
			 155	124	279
				 31	0	31
				 31	0	31
				 31	0	31
				 31	0	31
		 93	2436	2529
			 348	0	348
			 309	39	348
				 13	0	13
				 13	0	13
				 13	0	13
			 222	126	348
				 63	0	63
				 63	0	63
			 198	150	348
				 75	0	75
				 75	0	75
			 196	152	348
				 76	0	76
				 76	0	76
			 99	249	348
				 83	0	83
				 83	0	83
				 83	0	83
			 348	0	348
		 2271	258	2529
			 86	0	86
			 32	54	86
				 27	0	27
				 27	0	27
			 35	51	86
				 17	0	17
				 17	0	17
				 17	0	17
	 11964	5768	17732
		 197	1245	1442
			 69	180	249
				 60	0	60
				 60	0	60
				 60	0	60
			 139	110	249
				 55	0	55
				 55	0	55
			 143	106	249
				 53	0	53
				 53	0	53
			 113	136	249
				 68	0	68
				 68	0	68
			 223	26	249
				 13	0	13
				 13	0	13
		 1394	48	1442
			 24	0	24
			 24	0	24
		 434	1008	1442
			 122	130	252
				 65	0	65
				 65	0	65
			 80	172	252
				 86	0	86
				 86	0	86
			 16	236	252
				 59	0	59
				 59	0	59
				 59	0	59
				 59	0	59
			 76	176	252
				 88	0	88
				 88	0	88
		 98	1344	1442
			 168	24	192
				 12	0	12
				 12	0	12
			 192	0	192
			 90	102	192
				 34	0	34
				 34	0	34
				 34	0	34
			 34	158	192
				 79	0	79
				 79	0	79
			 192	0	192
			 18	174	192
				 87	0	87
				 87	0	87
			 90	102	192
				 34	0	34
				 34	0	34
				 34	0	34
	 12512	5220	17732
		 765	540	1305
			 78	102	180
				 34	0	34
				 34	0	34
				 34	0	34
			 140	40	180
				 20	0	20
				 20	0	20
			 66	114	180
				 57	0	57
				 57	0	57
		 37	1268	1305
			 171	146	317
				 73	0	73
				 73	0	73
			 245	72	317
				 36	0	36
				 36	0	36
			 97	220	317
				 55	0	55
				 55	0	55
				 55	0	55
				 55	0	55
			 93	224	317
				 56	0	56
				 56	0	56
				 56	0	56
				 56	0	56
		 40	1265	1305
			 223	30	253
				 15	0	15
				 15	0	15
			 61	192	253
				 96	0	96
				 96	0	96
			 73	180	253
				 90	0	90
				 90	0	90
			 197	56	253
				 28	0	28
				 28	0	28
			 73	180	253
				 90	0	90
				 90	0	90
		 672	633	1305
			 160	51	211
				 17	0	17
				 17	0	17
				 17	0	17
			 157	54	211
				 18	0	18
				 18	0	18
				 18	0	18
			 39	172	211
				 43	0	43
				 43	0	43
				 43	0	43
				 43	0	43
	 14279	3453	17732
		 626	525	1151
			 19	156	175
				 78	0	78
				 78	0	78
			 121	54	175
				 27	0	27
				 27	0	27
			 89	86	175
				 43	0	43
				 43	0	43
		 1135	16	1151
			 8	0	8
			 8	0	8
		 61	1090	1151
			 32	186	218
				 93	0	93
				 93	0	93
			 48	170	218
				 85	0	85
				 85	0	85
			 194	24	218
				 12	0	12
				 12	0	12
			 218	0	218
			 70	148	218
				 74	0	74
				 74	0	74
 24384	50108	74492
	 57	12470	12527
		 1814	680	2494
			 88	82	170
				 41	0	41
				 41	0	41
			 38	132	170
				 66	0	66
				 66	0	66
			 50	120	170
				 60	0	60
				 60	0	60
			 132	38	170
				 19	0	19
				 19	0	19
		 2104	390	2494
			 24	106	130
				 53	0	53
				 53	0	53
			 110	20	130
				 10	0	10
				 10	0	10
			 26	104	130
				 52	0	52
				 52	0	52
		 65	2429	2494
			 221	126	347
				 63	0	63
				 63	0	63
			 65	282	347
				 94	0	94
				 94	0	94
				 94	0	94
			 173	174	347
				 87	0	87
				 87	0	87
			 221	126	347
				 63	0	63
				 63	0	63
			 259	88	347
				 22	0	22
				 22	0	22
				 22	0	22
				 22	0	22
			 143	204	347
				 68	0	68
				 68	0	68
				 68	0	68
			 221	126	347
				 42	0	42
				 42	0	42
				 42	0	42
		 1933	561	2494
			 33	154	187
				 77	0	77
				 77	0	77
			 157	30	187
				 10	0	10
				 10	0	10
				 10	0	10
			 135	52	187
				 26	0	26
				 26	0	26
		 604	1890	2494
			 195	183	378
				 61	0	61
				 61	0	61
				 61	0	61
			 210	168	378
				 84	0	84
				 84	0	84
			 34	344	378
				 86	0	86
				 86	0	86
				 86	0	86
				 86	0	86
			 90	288	378
				 96	0	96
				 96	0	96
				 96	0	96
			 240	138	378
				 69	0	69
				 69	0	69
	 6751	5776	12527
		 164	1280	1444
			 236	20	256
				 10	0	10
				 10	0	10
			 130	126	256
				 63	0	63
				 63	0	63
			 70	186	256
				 93	0	93
				 93	0	93
			 234	22	256
				 11	0	11
				 11	0	11
			 115	141	256
				 47	0	47
				 47	0	47
				 47	0	47
		 51	1393	1444
			 117	82	199
				 41	0	41
				 41	0	41
			 29	170	199
				 85	0	85
				 85	0	85
			 106	93	199
				 31	0	31
				 31	0	31
				 31	0	31
			 61	138	199
				 46	0	46
				 46	0	46
				 46	0	46
			 199	0	199
			 172	27	199
				 9	0	9
				 9	0	9
				 9	0	9
			 199	0	199
		 943	501	1444
			 47	120	167
				 60	0	60
				 60	0	60
			 125	42	167
				 21	0	21
				 21	0	21
			 11	156	167
				 52	0	52
				 52	0	52
				 52	0	52
		 649	795	1444
			 161	104	265
				 52	0	52
				 52	0	52
			 265	0	265
			 58	207	265
				 69	0	69
				 69	0	69
				 69	0	69
	 6055	6472	12527
		 1351	267	1618
			 89	0	89
			 89	0	89
			 89	0	89
		 859	759	1618
			 28	225	253
				 75	0	75
				 75	0	75
				 75	0	75
			 205	48	253
				 24	0	24
				 24	0	24
			 161	92	253
				 46	0	46
				 46	0	46
		 697	921	1618
			 214	93	307
				 31	0	31
				 31	0	31
				 31	0	31
			 287	20	307
				 10	0	10
				 10	0	10
			 70	237	307
				 79	0	79
				 79	0	79
				 79	0	79
		 58	1560	1618
			 164	96	260
				 32	0	32
				 32	0	32
				 32	0	32
			 92	168	260
				 84	0	84
				 84	0	84
			 246	14	260
				 7	0	7
				 7	0	7
			 164	96	260
				 48	0	48
				 48	0	48
			 227	33	260
				 11	0	11
				 11	0	11
				 11	0	11
			 70	190	260
				 95	0	95
				 95	0	95
	 6182	6345	12527
		 891	1224	2115
			 392	16	408
				 8	0	8
				 8	0	8
			 300	108	408
				 27	0	27
				 27	0	27
				 27	0	27
				 27	0	27
			 76	332	408
				 83	0	83
				 83	0	83
				 83	0	83
				 83	0	83
		 60	2055	2115
			 335	76	411
				 38	0	38
				 38	0	38
			 249	162	411
				 81	0	81
				 81	0	81
			 198	213	411
				 71	0	71
				 71	0	71
				 71	0	71
			 59	352	411
				 88	0	88
				 88	0	88
				 88	0	88
				 88	0	88
			 318	93	411
				 31	0	31
				 31	0	31
				 31	0	31
		 1245	870	2115
			 110	180	290
				 90	0	90
				 90	0	90
			 116	174	290
				 87	0	87
				 87	0	87
			 98	192	290
				 96	0	96
				 96	0	96
